A,B,C,D,E,F,G,H,I,J,K,L,M,N,O,P,Q,R,S,T,U,V,W,X,Y,Z,A1,A2,A3,A4,A5,A6,A7,A8,A9,class
6,0,2,1,0,3,0,1,1,1,1,1,0,2,2,0,0,0,1,0,3,1,1,1,0,0,0,0,4,0,0,0,0,0,0,1
6,0,2,1,0,1,0,1,0,2,1,1,0,2,2,0,0,0,1,0,3,1,1,1,0,0,0,0,4,0,0,0,0,0,0,1
6,0,0,2,1,0,2,1,0,0,1,1,0,2,2,0,0,0,1,1,0,3,0,0,0,2,1,0,4,0,0,0,0,0,0,2
4,0,0,1,0,2,3,1,1,1,1,1,0,2,2,0,0,0,1,0,0,3,0,0,0,2,1,0,4,0,0,0,0,0,0,2
5,0,0,2,0,3,2,1,0,2,1,1,0,2,2,0,0,0,1,0,0,3,0,0,0,2,1,0,4,0,0,0,0,0,0,2
6,0,0,1,1,3,3,1,1,0,1,1,0,2,2,0,0,0,1,0,0,3,0,0,0,2,1,0,4,0,0,0,0,0,0,2
3,0,0,2,1,0,2,1,0,1,1,1,0,2,2,0,0,0,1,0,0,3,0,0,0,2,1,0,4,0,0,0,0,0,0,2
4,0,0,1,1,1,3,1,1,1,1,1,0,2,2,0,0,0,1,1,0,3,0,0,0,2,1,0,4,0,0,0,0,0,0,2
3,0,0,1,0,1,2,1,0,0,1,1,0,2,2,0,0,0,1,0,0,3,0,0,0,2,1,0,4,0,0,0,0,0,0,2
5,0,0,2,1,2,2,1,0,2,1,1,0,2,2,0,0,0,1,1,0,3,0,0,0,2,1,0,4,0,0,0,0,0,0,2
6,0,0,2,0,1,3,1,1,0,1,1,0,2,2,0,0,0,1,0,0,3,0,0,0,2,1,0,4,0,0,0,0,0,0,2
5,0,0,2,1,3,3,1,1,2,1,1,0,2,2,0,0,0,1,0,0,3,0,0,0,2,1,0,4,0,0,0,0,0,0,2
0,1,2,0,0,1,1,1,1,1,1,0,0,2,2,0,0,0,1,0,1,1,0,1,1,0,0,3,4,0,0,0,0,0,0,3
2,1,2,0,0,3,1,2,0,1,1,0,0,2,2,0,0,0,1,0,1,1,0,1,0,0,0,3,4,0,0,0,0,0,0,3
2,1,2,0,0,2,1,1,0,2,1,0,0,2,2,0,0,0,1,0,1,1,0,1,1,0,0,3,4,0,0,0,0,0,0,3
0,1,2,0,0,0,1,1,1,2,1,0,0,2,2,0,0,0,1,0,1,1,0,1,0,0,0,3,4,0,0,0,0,0,0,3
0,1,2,0,0,2,1,1,1,1,1,0,0,2,2,0,0,0,1,0,1,1,0,1,0,0,0,3,4,0,0,0,0,0,0,3
4,0,2,0,1,0,1,2,0,2,1,1,0,2,2,0,0,0,1,1,1,1,0,1,1,0,0,3,4,0,0,0,0,0,0,3
2,1,2,0,0,3,1,2,0,2,1,0,0,2,2,0,0,0,1,0,1,1,0,1,1,0,0,3,4,0,0,0,0,0,0,3
0,1,2,0,0,0,1,1,0,1,1,0,0,2,2,0,0,0,1,0,1,1,0,1,0,0,0,3,4,0,0,0,0,0,1,3
3,0,2,0,1,3,1,2,0,1,1,0,0,2,2,0,0,0,1,1,1,1,0,1,1,0,0,3,4,0,0,0,0,0,0,3
0,1,2,0,0,1,1,2,1,2,1,0,0,2,2,0,0,0,1,0,1,1,0,1,0,0,0,3,4,0,0,0,0,0,0,3
2,1,2,1,1,3,1,2,1,2,1,1,0,2,2,0,0,0,1,0,2,2,0,1,0,0,0,3,4,0,0,0,0,0,1,4
0,1,1,1,0,1,1,1,0,0,1,1,0,2,2,0,0,0,1,0,1,2,0,0,0,0,0,3,4,0,0,0,0,0,1,4
3,1,2,0,0,1,1,2,1,0,1,1,0,2,2,0,0,0,1,0,2,2,0,0,0,0,0,3,4,0,0,0,0,0,1,4
2,1,2,1,1,1,1,2,0,2,1,1,0,2,2,0,0,0,1,0,1,2,0,1,0,0,0,3,4,0,0,0,0,0,1,4
1,1,2,0,0,3,1,1,1,2,1,1,0,2,2,0,0,0,1,0,2,2,0,0,0,0,0,3,4,0,0,0,0,0,1,4
1,1,2,1,0,0,1,2,1,1,1,1,0,2,2,0,0,0,1,0,2,2,0,0,0,0,0,3,4,0,0,0,0,0,1,4
0,1,2,1,0,3,1,1,0,0,1,1,0,2,2,0,0,0,1,0,1,2,0,0,0,0,0,3,4,0,0,0,0,0,1,4
2,1,2,0,0,1,1,2,0,0,1,1,0,2,2,0,0,0,1,0,1,2,0,0,0,0,0,3,4,0,0,0,0,0,1,4
3,1,2,0,0,2,1,2,1,1,1,1,0,2,2,0,0,0,1,0,2,2,0,0,0,0,0,3,4,0,0,0,0,0,1,4
3,1,1,0,0,2,1,2,1,2,1,1,0,2,2,0,0,0,1,0,2,2,0,0,0,0,0,3,4,0,0,0,0,0,1,4
0,1,2,1,1,1,1,1,0,0,1,1,0,2,2,0,0,0,1,0,1,2,0,1,0,0,0,3,4,0,0,0,0,0,1,4
1,1,2,1,1,3,1,2,0,1,1,1,0,2,2,0,0,0,1,1,1,2,0,1,0,0,0,3,4,0,0,0,0,0,1,4
1,1,2,0,0,0,1,2,1,0,1,1,0,2,2,0,0,0,1,0,2,2,0,0,0,0,0,3,4,0,0,0,0,0,1,4
1,1,2,1,1,2,3,1,1,1,1,1,0,2,2,0,0,0,1,0,2,2,0,1,0,0,0,3,4,0,0,0,0,0,1,4
2,1,1,0,0,3,1,2,0,2,1,1,0,2,2,0,0,0,1,0,1,2,0,0,0,0,0,3,4,0,0,0,0,0,1,4
0,1,1,1,1,2,1,2,1,0,1,1,0,2,2,0,0,0,1,1,2,2,0,1,0,0,0,3,4,0,0,0,0,0,1,4
0,1,2,1,0,3,1,1,0,2,1,1,0,2,2,0,0,0,1,0,1,2,0,0,0,0,0,3,4,0,0,0,0,0,1,4
